(011401,1)
(011402,3)
(011403,93)
(011404,48)
(011405,48)
(011406,49)
(011407,47)
(011408,49)
(011409,47)
(011410,48)
(011411,48)
(011412,48)
(011413,48)
(011414,49)
(011415,48)
(011416,47)
(011417,48)
(011418,48)
(011419,48)
(011420,48)
(011421,48)
(011422,48)
(011423,48)
(011424,49)
(011425,48)
(011426,47)
(011427,49)
(011428,47)
(011429,48)
(011430,48)
(011431,48)
(011432,48)
(011433,48)
(011434,48)
(011435,48)
(011436,48)
(011437,48)
(011438,48)
(011439,48)
(011440,48)
(011441,48)
(011442,48)
(011443,48)
(011444,49)
(011445,47)
(011446,48)
(011447,48)
(011448,48)
(011449,49)
(011450,47)
(011451,48)
(011452,48)
(011453,48)
(011454,48)
(011455,48)
(011456,48)
(011457,48)
(011458,48)
(011459,48)
(011500,49)
(011501,47)
(011502,48)
(011503,51)
(011504,45)
(011505,48)
(011506,48)
(011507,49)
(011508,48)
(011509,47)
(011510,48)
(011511,48)
(011512,48)
(011513,48)
(011514,48)
(011515,48)
(011516,49)
(011517,47)
(011518,48)
(011519,48)
(011520,48)
(011521,48)
(011522,50)
(011523,49)
(011524,46)
(011525,47)
(011526,48)
(011527,48)
(011528,48)
(011529,48)
(011530,48)
(011531,48)
(011532,48)
(011533,48)
(011534,48)
(011535,48)
(011536,48)
(011537,48)
(011538,48)
(011539,48)
(011540,48)
(011541,48)
(011542,48)
(011543,48)
(011544,48)
(011545,48)
(011546,48)
(011547,49)
(011548,47)
(011549,48)
(011550,48)
(011551,49)
(011552,48)
(011553,47)
(011554,48)
(011555,49)
(011556,47)
(011557,48)
(011558,48)
(011559,48)
(011600,49)
(011601,47)
(011602,55)
(011603,41)
(011604,48)
(011605,48)
(011606,48)
(011607,48)
(011608,48)
(011609,48)
(011610,49)
(011611,47)
(011612,48)
(011613,49)
(011614,48)
(011615,47)
(011616,48)
(011617,49)
(011618,47)
(011619,48)
(011620,48)
(011621,49)
(011622,47)
(011623,48)
(011624,48)
(011625,48)
(011626,48)
(011627,48)
(011628,48)
(011629,48)
(011630,48)
(011631,48)
(011632,48)
(011633,49)
(011634,47)
(011635,48)
(011636,48)
(011637,48)
(011638,48)
(011639,48)
(011640,48)
(011641,48)
(011642,48)
(011643,48)
(011644,49)
(011645,47)
(011646,48)
(011647,48)
(011648,48)
(011649,48)
(011650,48)
(011651,48)
(011652,48)
(011653,48)
(011654,48)
(011655,49)
(011656,47)
(011657,49)
(011658,47)
(011659,48)
(011700,48)
(011701,48)
(011702,48)
(011703,49)
(011704,47)
(011705,48)
(011706,48)
(011707,48)
(011708,48)
(011709,48)
(011710,48)
(011711,48)
(011712,49)
(011713,47)
(011714,48)
(011715,50)
(011716,49)
(011717,48)
(011718,46)
(011719,47)
(011720,48)
(011721,48)
(011722,48)
(011723,49)
(011724,47)
(011725,48)
(011726,48)
(011727,48)
(011728,48)
(011729,48)
(011730,48)
(011731,48)
(011732,48)
(011733,48)
(011734,48)
(011735,48)
(011736,48)
(011737,48)
(011738,48)
(011739,48)
(011740,48)
(011741,48)
(011742,48)
(011743,48)
(011744,49)
(011745,47)
(011746,48)
(011747,48)
(011748,48)
(011749,48)
(011750,48)
(011751,48)
(011752,48)
(011753,48)
(011754,48)
(011755,50)
(011756,46)
(011757,48)
(011758,49)
(011759,47)
(011800,48)
(011801,48)
(011802,48)
(011803,48)
(011804,48)
(011805,50)
(011806,50)
(011807,49)
(011808,49)
(011809,49)
(011810,54)
(011811,55)
(011812,50)
(011813,49)
(011814,48)
(011815,51)
(011816,48)
(011817,53)
(011818,42)
(011819,34)
(011820,37)
(011821,48)
(011822,48)
(011823,49)
(011824,47)
(011825,48)
(011826,48)
(011827,48)
(011828,48)
(011829,48)
(011830,48)
(011831,49)
(011832,47)
(011833,48)
(011834,48)
(011835,48)
(011836,48)
(011837,48)
(011838,49)
(011839,48)
(011840,47)
(011841,48)
(011842,48)
(011843,48)
(011844,48)
(011845,48)
(011846,77)
(011847,20)
(011848,51)
(011849,66)
(011850,30)
(011851,51)
(011852,48)
(011853,50)
(011854,50)
(011855,50)
(011856,48)
(011857,48)
(011858,50)
(011859,45)
(011900,45)
(011901,48)
(011902,39)
(011903,48)
(011904,48)
(011905,48)
(011906,49)
(011907,47)
(011908,48)
(011909,49)
(011910,47)
(011911,50)
(011912,46)
(011913,48)
(011914,48)
(011915,48)
(011916,49)
(011917,47)
(011918,48)
(011919,48)
(011920,48)
(011921,48)
(011922,48)
(011923,48)
(011924,48)
(011925,48)
(011926,48)
(011927,50)
(011928,47)
(011929,47)
(011930,49)
(011931,47)
(011932,48)
(011933,48)
(011934,48)
(011935,48)
(011936,48)
(011937,49)
(011938,48)
(011939,49)
(011940,46)
(011941,49)
(011942,47)
(011943,48)
(011944,48)
(011945,48)
(011946,48)
(011947,48)
(011948,48)
(011949,48)
(011950,48)
(011951,48)
(011952,48)
(011953,48)
(011954,48)
(011955,48)
(011956,48)
(011957,48)
(011958,48)
(011959,48)
(012000,48)
(012001,49)
(012002,47)
(012003,48)
(012004,48)
(012005,48)
(012006,48)
(012007,48)
(012008,48)
(012009,48)
(012010,50)
(012011,48)
(012012,48)
(012013,48)
(012014,48)
(012015,48)
(012016,48)
(012017,48)
(012018,48)
(012019,49)
(012020,68)
(012021,40)
(012022,33)
(012023,50)
(012024,47)
(012025,49)
(012026,48)
(012027,47)
(012028,47)
(012029,48)
(012030,48)
(012031,50)
(012032,46)
(012033,48)
(012034,48)
(012035,48)
(012036,48)
(012037,48)
(012038,48)
(012039,48)
(012040,49)
(012041,48)
(012042,47)
(012043,48)
(012044,48)
(012045,51)
(012046,61)
(012047,40)
(012048,41)
(012049,48)
(012050,48)
(012051,48)
(012052,50)
(012053,49)
(012054,48)
(012055,50)
(012056,48)
(012057,48)
(012058,48)
(012059,49)
(012100,48)
(012101,46)
(012102,43)
(012103,48)
(012104,48)
(012105,48)
(012106,48)
(012107,48)
(012108,48)
(012109,48)
(012110,48)
(012111,48)
(012112,48)
(012113,48)
(012114,48)
(012115,48)
(012116,48)
(012117,48)
(012118,48)
(012119,49)
(012120,47)
(012121,48)
(012122,48)
(012123,48)
(012124,49)
(012125,47)
(012126,49)
(012127,47)
(012128,48)
(012129,48)
(012130,49)
(012131,47)
(012132,48)
(012133,48)
(012134,48)
(012135,48)
(012136,48)
(012137,48)
(012138,48)
(012139,48)
(012140,48)
(012141,48)
(012142,48)
(012143,48)
(012144,48)
(012145,49)
(012146,47)
(012147,48)
(012148,48)
(012149,48)
(012150,48)
(012151,48)
(012152,48)
(012153,49)
(012154,47)
(012155,49)
(012156,47)
(012157,48)
(012158,48)
(012159,48)
(012200,48)
(012201,48)
(012202,48)
(012203,48)
(012204,48)
(012205,48)
(012206,49)
(012207,47)
(012208,48)
(012209,48)
(012210,48)
(012211,49)
(012212,47)
(012213,48)
(012214,48)
(012215,48)
(012216,48)
(012217,49)
(012218,47)
(012219,48)
(012220,48)
(012221,48)
(012222,48)
(012223,48)
(012224,48)
(012225,51)
(012226,49)
(012227,44)
(012228,48)
(012229,48)
(012230,48)
(012231,48)
(012232,48)
(012233,48)
(012234,48)
(012235,48)
(012236,48)
(012237,48)
(012238,48)
(012239,48)
(012240,48)
(012241,48)
(012242,49)
(012243,47)
(012244,48)
(012245,48)
(012246,49)
(012247,47)
(012248,49)
(012249,47)
(012250,48)
(012251,48)
(012252,48)
(012253,48)
(012254,48)
(012255,48)
(012256,48)
(012257,48)
(012258,48)
(012259,48)
(012300,48)
(012301,48)
(012302,48)
(012303,49)
(012304,48)
(012305,52)
(012306,44)
(012307,47)
(012308,48)
(012309,49)
(012310,47)
(012311,48)
(012312,48)
(012313,48)
(012314,48)
(012315,48)
(012316,48)
(012317,48)
(012318,48)
(012319,48)
(012320,48)
(012321,48)
(012322,48)
(012323,48)
(012324,48)
(012325,48)
(012326,48)
(012327,49)
(012328,47)
(012329,48)
(012330,48)
(012331,48)
(012332,48)
(012333,48)
(012334,48)
(012335,48)
(012336,48)
(012337,49)
(012338,47)
(012339,48)
(012340,49)
(012341,49)
(012342,46)
(012343,49)
(012344,50)
(012345,45)
(012346,48)
(012347,48)
(012348,48)
(012349,48)
(012350,48)
(012351,48)
(012352,48)
(012353,48)
(012354,48)
(012355,48)
(012356,48)
(012357,48)
(012358,48)
(012359,48)
(012400,51)
(012401,46)
(012402,47)
(012403,50)
(012404,46)
(012405,48)
(012406,48)
(012407,48)
(012408,48)
(012409,48)
(012410,48)
(012411,48)
(012412,49)
(012413,48)
(012414,47)
(012415,48)
(012416,48)
(012417,48)
(012418,48)
(012419,48)
(012420,48)
(012421,48)
(012422,48)
(012423,48)
(012424,48)
(012425,48)
(012426,48)
(012427,48)
(012428,48)
(012429,48)
(012430,48)
(012431,48)
(012432,48)
(012433,48)
(012434,48)
(012435,48)
(012436,48)
(012437,48)
(012438,48)
(012439,48)
(012440,48)
(012441,48)
(012442,48)
(012443,48)
(012444,48)
(012445,48)
(012446,48)
(012447,48)
(012448,48)
(012449,48)
(012450,48)
(012451,48)
(012452,48)
(012453,48)
(012454,48)
(012455,48)
(012456,48)
(012457,48)
(012458,48)
(012459,48)
(012500,49)
(012501,47)
(012502,48)
(012503,48)
(012504,48)
(012505,48)
(012506,48)
(012507,48)
(012508,48)
(012509,48)
(012510,53)
(012511,43)
(012512,48)
(012513,48)
(012514,48)
(012515,48)
(012516,48)
(012517,48)
(012518,48)
(012519,49)
(012520,47)
(012521,52)
(012522,44)
(012523,48)
(012524,48)
(012525,48)
(012526,48)
(012527,48)
(012528,48)
(012529,48)
(012530,48)
(012531,48)
(012532,48)
(012533,48)
(012534,48)
(012535,48)
(012536,48)
(012537,48)
(012538,48)
(012539,48)
(012540,48)
(012541,48)
(012542,48)
(012543,48)
(012544,48)
(012545,48)
(012546,48)
(012547,49)
(012548,47)
(012549,48)
(012550,48)
(012551,48)
(012552,48)
(012553,48)
(012554,48)
(012555,48)
(012556,48)
(012557,48)
(012558,48)
(012559,48)
(012600,49)
(012601,48)
(012602,47)
(012603,48)
(012604,53)
(012605,43)
(012606,48)
(012607,48)
(012608,48)
(012609,48)
(012610,50)
(012611,48)
(012612,47)
(012613,47)
(012614,48)
(012615,48)
(012616,49)
(012617,47)
(012618,48)
(012619,48)
(012620,48)
(012621,49)
(012622,47)
(012623,48)
(012624,48)
(012625,48)
(012626,48)
(012627,48)
(012628,48)
(012629,48)
(012630,49)
(012631,47)
(012632,48)
(012633,48)
(012634,48)
(012635,48)
(012636,49)
(012637,47)
(012638,48)
(012639,55)
(012640,41)
(012641,48)
(012642,48)
(012643,48)
(012644,48)
(012645,48)
(012646,48)
(012647,48)
(012648,48)
(012649,49)
(012650,48)
(012651,48)
(012652,48)
(012653,49)
(012654,46)
(012655,48)
(012656,52)
(012657,48)
(012658,48)
(012659,46)
(012700,47)
(012701,48)
(012702,48)
(012703,47)
(012704,48)
(012705,48)
(012706,48)
(012707,49)
(012708,49)
(012709,50)
(012710,48)
(012711,49)
(012712,43)
(012713,48)
(012714,48)
(012715,48)
(012716,48)
(012717,48)
(012718,49)
(012719,47)
(012720,49)
(012721,47)
(012722,48)
(012723,48)
(012724,48)
(012725,48)
(012726,48)
(012727,48)
(012728,48)
(012729,48)
(012730,48)
(012731,48)
(012732,48)
(012733,48)
(012734,48)
(012735,51)
(012736,49)
(012737,45)
(012738,47)
(012739,48)
(012740,48)
(012741,48)
(012742,48)
(012743,48)
(012744,48)
(012745,48)
(012746,48)
(012747,48)
(012748,48)
(012749,48)
(012750,48)
(012751,49)
(012752,49)
(012753,46)
(012754,48)
(012755,48)
(012756,49)
(012757,49)
(012758,46)
(012759,48)
(012800,49)
(012801,47)
(012802,48)
(012803,48)
(012804,49)
(012805,47)
(012806,48)
(012807,48)
(012808,48)
(012809,48)
(012810,48)
(012811,50)
(012812,46)
(012813,48)
(012814,50)
(012815,50)
(012816,52)
(012817,41)
(012818,47)
(012819,48)
(012820,50)
(012821,46)
(012822,49)
(012823,47)
(012824,48)
(012825,48)
(012826,48)
(012827,48)
(012828,48)
(012829,48)
(012830,48)
(012831,48)
(012832,48)
(012833,48)
(012834,48)
(012835,48)
(012836,48)
(012837,48)
(012838,48)
(012839,48)
(012840,48)
(012841,49)
(012842,47)
(012843,48)
(012844,48)
(012845,48)
(012846,48)
(012847,48)
(012848,48)
(012849,48)
(012850,48)
(012851,48)
(012852,48)
(012853,48)
(012854,48)
(012855,48)
(012856,48)
(012857,48)
(012858,48)
(012859,48)
(012900,48)
(012901,50)
(012902,49)
(012903,48)
(012904,45)
(012905,48)
(012906,48)
(012907,48)
(012908,48)
(012909,48)
(012910,48)
(012911,51)
(012912,46)
(012913,47)
(012914,48)
(012915,48)
(012916,49)
(012917,47)
(012918,48)
(012919,48)
(012920,48)
(012921,48)
(012922,48)
(012923,48)
(012924,48)
(012925,48)
(012926,48)
(012927,48)
(012928,48)
(012929,48)
(012930,48)
(012931,48)
(012932,48)
(012933,48)
(012934,48)
(012935,48)
(012936,48)
(012937,48)
(012938,49)
(012939,47)
(012940,48)
(012941,48)
(012942,48)
(012943,48)
(012944,48)
(012945,48)
(012946,48)
(012947,48)
(012948,49)
(012949,47)
(012950,49)
(012951,47)
(012952,50)
(012953,46)
(012954,48)
(012955,48)
(012956,48)
(012957,48)
(012958,48)
(012959,48)
(013000,50)
(013001,46)
(013002,48)
(013003,48)
(013004,48)
(013005,48)
(013006,48)
(013007,48)
(013008,48)
(013009,48)
(013010,48)
(013011,48)
(013012,49)
(013013,47)
(013014,48)
(013015,48)
(013016,48)
(013017,49)
(013018,47)
(013019,48)
(013020,49)
(013021,49)
(013022,46)
(013023,48)
(013024,48)
(013025,48)
(013026,48)
(013027,48)
(013028,48)
(013029,48)
(013030,48)
(013031,49)
(013032,47)
(013033,48)
(013034,48)
(013035,48)
(013036,48)
(013037,48)
(013038,49)
(013039,47)
(013040,48)
(013041,48)
(013042,48)
(013043,48)
(013044,48)
(013045,48)
(013046,49)
(013047,47)
(013048,49)
(013049,47)
(013050,50)
(013051,46)
(013052,48)
(013053,49)
(013054,47)
(013055,48)
(013056,49)
(013057,47)
(013058,48)
(013059,48)
(013100,49)
(013101,48)
(013102,47)
(013103,48)
(013104,48)
(013105,48)
(013106,48)
(013107,48)
(013108,51)
(013109,49)
(013110,48)
(013111,54)
(013112,44)
(013113,48)
(013114,49)
(013115,48)
(013116,48)
(013117,49)
(013118,60)
(013119,28)
(013120,49)
(013121,47)
(013122,48)
(013123,48)
(013124,49)
(013125,47)
(013126,49)
(013127,47)
(013128,48)
(013129,48)
(013130,48)
(013131,48)
(013132,49)
(013133,47)
(013134,48)
(013135,48)
(013136,49)
(013137,47)
(013138,56)
(013139,52)
(013140,43)
(013141,48)
(013142,48)
(013143,54)
(013144,48)
(013145,48)
(013146,41)
(013147,42)
(013148,52)
(013149,44)
(013150,48)
(013151,48)
(013152,48)
(013153,48)
(013154,48)
(013155,48)
(013156,48)
(013157,48)
(013158,48)
(013159,48)
(013200,50)
(013201,46)
(013202,48)
(013203,48)
(013204,48)
(013205,49)
(013206,47)
(013207,49)
(013208,47)
(013209,48)
(013210,48)
(013211,48)
(013212,48)
(013213,48)
(013214,48)
(013215,48)
(013216,48)
(013217,48)
(013218,48)
(013219,49)
(013220,47)
(013221,48)
(013222,48)
(013223,51)
(013224,46)
(013225,47)
(013226,48)
(013227,48)
(013228,48)
(013229,48)
(013230,49)
(013231,47)
(013232,48)
(013233,48)
(013234,48)
(013235,48)
(013236,48)
(013237,49)
(013238,52)
(013239,43)
(013240,48)
(013241,48)
(013242,48)
(013243,49)
(013244,47)
(013245,48)
(013246,48)
(013247,48)
(013248,48)
(013249,48)
(013250,48)
(013251,48)
(013252,48)
(013253,48)
(013254,48)
(013255,48)
(013256,48)
(013257,48)
(013258,48)
(013259,48)
(013300,48)
(013301,48)
(013302,48)
(013303,48)
(013304,48)
(013305,48)
(013306,48)
(013307,48)
(013308,49)
(013309,47)
(013310,48)
(013311,48)
(013312,48)
(013313,48)
(013314,48)
(013315,48)
(013316,48)
(013317,48)
(013318,48)
(013319,48)
(013320,48)
(013321,48)
(013322,48)
(013323,48)
(013324,48)
(013325,48)
(013326,48)
(013327,48)
(013328,48)
(013329,48)
(013330,48)
(013331,49)
(013332,47)
(013333,48)
(013334,49)
(013335,47)
(013336,48)
(013337,48)
(013338,48)
(013339,48)
(013340,48)
(013341,48)
(013342,48)
(013343,48)
(013344,48)
(013345,48)
(013346,48)
(013347,48)
(013348,48)
(013349,48)
(013350,48)
(013351,48)
(013352,48)
(013353,48)
(013354,48)
(013355,48)
(013356,48)
(013357,48)
(013358,48)
(013359,49)
(013400,47)
(013401,48)
(013402,48)
(013403,49)
(013404,47)
(013405,48)
(013406,48)
(013407,48)
(013408,48)
(013409,48)
(013410,48)
(013411,48)
(013412,49)
(013413,47)
(013414,48)
(013415,49)
(013416,47)
(013417,48)
(013418,48)
(013419,48)
(013420,48)
(013421,48)
(013422,48)
(013423,48)
(013424,48)
(013425,48)
(013426,48)
(013427,48)
(013428,48)
(013429,49)
(013430,47)
(013431,48)
(013432,48)
(013433,49)
(013434,47)
(013435,48)
(013436,48)
(013437,48)
(013438,48)
(013439,49)
(013440,49)
(013441,46)
(013442,48)
(013443,48)
(013444,48)
(013445,48)
(013446,49)
(013447,47)
(013448,48)
(013449,48)
(013450,48)
(013451,48)
(013452,49)
(013453,47)
(013454,48)
(013455,48)
(013456,48)
(013457,48)
(013458,48)
(013459,49)
(013500,49)
(013501,46)
(013502,48)
(013503,48)
(013504,48)
(013505,48)
(013506,48)
(013507,48)
(013508,48)
(013509,48)
(013510,48)
(013511,48)
(013512,48)
(013513,48)
(013514,48)
(013515,48)
(013516,48)
(013517,48)
(013518,48)
(013519,49)
(013520,47)
(013521,48)
(013522,49)
(013523,47)
(013524,48)
(013525,48)
(013526,48)
(013527,48)
(013528,48)
(013529,48)
(013530,48)
(013531,49)
(013532,47)
(013533,48)
(013534,48)
(013535,48)
(013536,48)
(013537,48)
(013538,48)
(013539,48)
(013540,48)
(013541,48)
(013542,48)
(013543,48)
(013544,48)
(013545,48)
(013546,48)
(013547,48)
(013548,48)
(013549,49)
(013550,47)
(013551,48)
(013552,48)
(013553,49)
(013554,47)
(013555,48)
(013556,48)
(013557,48)
(013558,48)
(013559,48)
(013600,59)
(013601,41)
(013602,44)
(013603,48)
(013604,49)
(013605,48)
(013606,47)
(013607,50)
(013608,46)
(013609,49)
(013610,47)
(013611,48)
(013612,49)
(013613,47)
(013614,48)
(013615,53)
(013616,48)
(013617,43)
(013618,48)
(013619,50)
(013620,48)
(013621,46)
(013622,48)
(013623,48)
(013624,48)
(013625,48)
(013626,48)
(013627,48)
(013628,48)
(013629,48)
(013630,48)
(013631,48)
(013632,50)
(013633,46)
(013634,48)
(013635,48)
(013636,48)
(013637,48)
(013638,48)
(013639,48)
(013640,49)
(013641,48)
(013642,47)
(013643,49)
(013644,47)
(013645,48)
(013646,48)
(013647,48)
(013648,48)
(013649,48)
(013650,48)
(013651,48)
(013652,48)
(013653,48)
(013654,48)
(013655,48)
(013656,48)
(013657,48)
(013658,48)
(013659,48)
(013700,48)
(013701,48)
(013702,48)
(013703,48)
(013704,48)
(013705,48)
(013706,48)
(013707,48)
(013708,48)
(013709,48)
(013710,48)
(013711,48)
(013712,48)
(013713,48)
(013714,48)
(013715,48)
(013716,48)
(013717,49)
(013718,47)
(013719,48)
(013720,48)
(013721,48)
(013722,48)
(013723,48)
(013724,49)
(013725,47)
(013726,50)
(013727,47)
(013728,47)
(013729,48)
(013730,49)
(013731,47)
(013732,48)
(013733,48)
(013734,48)
(013735,48)
(013736,48)
(013737,48)
(013738,48)
(013739,48)
(013740,48)
(013741,48)
(013742,48)
(013743,48)
(013744,48)
(013745,48)
(013746,49)
(013747,47)
(013748,48)
(013749,48)
(013750,48)
(013751,49)
(013752,47)
(013753,48)
(013754,48)
(013755,48)
(013756,48)
(013757,48)
(013758,49)
(013759,47)
(013800,49)
(013801,47)
(013802,48)
(013803,48)
(013804,48)
(013805,48)
(013806,48)
(013807,48)
(013808,48)
(013809,52)
(013810,45)
(013811,48)
(013812,47)
(013813,52)
(013814,44)
(013815,48)
(013816,49)
(013817,48)
(013818,47)
(013819,48)
(013820,50)
(013821,48)
(013822,48)
(013823,48)
(013824,48)
(013825,48)
(013826,48)
(013827,48)
(013828,49)
(013829,46)
(013830,47)
(013831,48)
(013832,48)
(013833,49)
(013834,47)
(013835,49)
(013836,47)
(013837,48)
(013838,48)
(013839,48)
(013840,48)
(013841,48)
(013842,48)
(013843,48)
(013844,48)
(013845,48)
(013846,48)
(013847,48)
(013848,48)
(013849,48)
(013850,48)
(013851,48)
(013852,48)
(013853,49)
(013854,47)
(013855,48)
(013856,48)
(013857,48)
(013858,48)
(013859,48)
(013900,48)
(013901,48)
(013902,48)
(013903,48)
(013904,48)
(013905,48)
(013906,48)
(013907,48)
(013908,48)
(013909,48)
(013910,48)
(013911,48)
(013912,48)
(013913,48)
(013914,48)
(013915,48)
(013916,49)
(013917,47)
(013918,48)
(013919,49)
(013920,47)
(013921,48)
(013922,48)
(013923,49)
(013924,47)
(013925,48)
(013926,48)
(013927,48)
(013928,48)
(013929,48)
(013930,48)
(013931,48)
(013932,49)
(013933,48)
(013934,48)
(013935,47)
(013936,48)
(013937,49)
(013938,47)
(013939,48)
(013940,48)
(013941,48)
(013942,48)
(013943,48)
(013944,48)
(013945,49)
(013946,47)
(013947,48)
(013948,48)
(013949,48)
(013950,48)
(013951,49)
(013952,49)
(013953,46)
(013954,50)
(013955,46)
(013956,48)
(013957,48)
(013958,48)
(013959,48)
(014000,48)
(014001,48)
(014002,48)
(014003,48)
(014004,49)
(014005,47)
(014006,48)
(014007,48)
(014008,48)
(014009,48)
(014010,48)
(014011,48)
(014012,48)
(014013,48)
(014014,48)
(014015,48)
(014016,48)
(014017,48)
(014018,48)
(014019,49)
(014020,47)
(014021,48)
(014022,48)
(014023,48)
(014024,48)
(014025,48)
(014026,49)
(014027,47)
(014028,48)
(014029,48)
(014030,48)
(014031,50)
(014032,51)
(014033,43)
(014034,48)
(014035,49)
(014036,49)
(014037,46)
(014038,48)
(014039,48)
(014040,48)
(014041,48)
(014042,48)
(014043,48)
(014044,48)
(014045,48)
(014046,48)
(014047,48)
(014048,48)
(014049,49)
(014050,47)
(014051,48)
(014052,48)
(014053,48)
(014054,48)
(014055,48)
(014056,48)
(014057,48)
(014058,48)
(014059,48)
(014100,50)
(014101,46)
(014102,49)
(014103,47)
(014104,49)
(014105,48)
(014106,47)
(014107,48)
(014108,51)
(014109,45)
(014110,49)
(014111,47)
(014112,48)
(014113,51)
(014114,45)
(014115,51)
(014116,45)
(014117,48)
(014118,48)
(014119,48)
(014120,48)
(014121,49)
(014122,47)
(014123,48)
(014124,48)
(014125,48)
(014126,48)
(014127,48)
(014128,48)
(014129,49)
(014130,47)
(014131,48)
(014132,48)
(014133,48)
(014134,48)
(014135,48)
(014136,48)
(014137,48)
(014138,48)
(014139,48)
(014140,48)
(014141,48)
(014142,48)
(014143,48)
(014144,48)
(014145,48)
(014146,48)
(014147,49)
(014148,47)
(014149,48)
(014150,48)
(014151,48)
(014152,49)
(014153,48)
(014154,47)
(014155,49)
(014156,47)
(014157,48)
(014158,48)
(014159,48)
(014200,48)
(014201,49)
(014202,47)
(014203,48)
(014204,48)
(014205,48)
(014206,48)
(014207,48)
(014208,48)
(014209,54)
(014210,55)
(014211,48)
(014212,48)
(014213,48)
(014214,51)
(014215,55)
(014216,47)
(014217,30)
(014218,44)
(014219,48)
(014220,48)
(014221,48)
(014222,48)
(014223,48)
(014224,48)
(014225,48)
(014226,48)
(014227,48)
(014228,48)
(014229,48)
(014230,48)
(014231,48)
(014232,48)
(014233,48)
(014234,48)
(014235,48)
(014236,48)
(014237,48)
(014238,48)
(014239,48)
(014240,49)
(014241,47)
(014242,48)
(014243,56)
(014244,53)
(014245,43)
(014246,48)
(014247,41)
(014248,48)
(014249,49)
(014250,48)
(014251,48)
(014252,49)
(014253,49)
(014254,47)
(014255,47)
(014256,47)
(014257,48)
(014258,47)
(014259,49)
(014300,48)
(014301,47)
(014302,52)
(014303,44)
(014304,48)
(014305,48)
(014306,48)
(014307,48)
(014308,48)
(014309,48)
(014310,48)
(014311,48)
(014312,48)
(014313,48)
(014314,48)
(014315,48)
(014316,48)
(014317,48)
(014318,48)
(014319,49)
(014320,47)
(014321,48)
(014322,48)
(014323,49)
(014324,48)
(014325,48)
(014326,55)
(014327,40)
(014328,48)
(014329,48)
(014330,48)
(014331,48)
(014332,48)
(014333,48)
(014334,48)
(014335,48)
(014336,48)
(014337,48)
(014338,48)
(014339,48)
(014340,49)
(014341,47)
(014342,48)
(014343,48)
(014344,48)
(014345,48)
(014346,48)
(014347,48)
(014348,48)
(014349,48)
(014350,48)
(014351,48)
(014352,48)
(014353,48)
(014354,48)
(014355,48)
(014356,48)
(014357,48)
(014358,48)
(014359,48)
(014400,49)
(014401,47)
(014402,50)
(014403,50)
(014404,44)
(014405,48)
(014406,48)
(014407,48)
(014408,48)
(014409,48)
(014410,49)
(014411,47)
(014412,48)
(014413,48)
(014414,48)
(014415,48)
(014416,48)
(014417,48)
(014418,48)
(014419,48)
(014420,48)
(014421,48)
(014422,48)
(014423,48)
(014424,48)
(014425,48)
(014426,48)
(014427,48)
(014428,48)
(014429,48)
(014430,48)
(014431,48)
(014432,48)
(014433,48)
(014434,48)
(014435,48)
(014436,48)
(014437,48)
(014438,48)
(014439,48)
(014440,48)
(014441,48)
(014442,48)
(014443,48)
(014444,48)
(014445,48)
(014446,48)
(014447,48)
(014448,48)
(014449,48)
(014450,48)
(014451,48)
(014452,48)
(014453,48)
(014454,48)
(014455,48)
(014456,48)
(014457,48)
(014458,48)
(014459,48)
(014500,50)
(014501,50)
(014502,46)
(014503,46)
(014504,48)
(014505,48)
(014506,49)
(014507,47)
(014508,48)
(014509,48)
(014510,48)
(014511,48)
(014512,48)
(014513,48)
(014514,49)
(014515,47)
(014516,48)
(014517,48)
(014518,48)
(014519,48)
(014520,48)
(014521,48)
(014522,48)
(014523,48)
(014524,48)
(014525,48)
(014526,48)
(014527,48)
(014528,48)
(014529,48)
(014530,48)
(014531,48)
(014532,48)
(014533,48)
(014534,48)
(014535,48)
(014536,48)
(014537,48)
(014538,48)
(014539,48)
(014540,49)
(014541,47)
(014542,48)
(014543,48)
(014544,48)
(014545,48)
(014546,48)
(014547,49)
(014548,48)
(014549,47)
(014550,48)
(014551,48)
(014552,48)
(014553,48)
(014554,48)
(014555,48)
(014556,49)
(014557,47)
(014558,50)
(014559,48)
(014600,46)
(014601,48)
(014602,48)
(014603,48)
(014604,48)
(014605,48)
(014606,48)
(014607,48)
(014608,49)
(014609,47)
(014610,48)
(014611,48)
(014612,48)
(014613,48)
(014614,48)
(014615,48)
(014616,48)
(014617,48)
(014618,50)
(014619,46)
(014620,48)
(014621,48)
(014622,48)
(014623,53)
(014624,51)
(014625,48)
(014626,48)
(014627,40)
(014628,49)
(014629,47)
(014630,48)
(014631,48)
(014632,48)
(014633,48)
(014634,48)
(014635,48)
(014636,49)
(014637,48)
(014638,47)
(014639,48)
(014640,48)
(014641,48)
(014642,48)
(014643,48)
(014644,48)
(014645,48)
(014646,48)
(014647,48)
(014648,48)
(014649,48)
(014650,48)
(014651,48)
(014652,48)
(014653,48)
(014654,52)
(014655,58)
(014656,36)
(014657,46)
(014658,49)
(014659,47)
(014700,48)
(014701,49)
(014702,47)
(014703,50)
(014704,46)
(014705,48)
(014706,48)
(014707,50)
(014708,48)
(014709,48)
(014710,48)
(014711,48)
(014712,48)
(014713,46)
(014714,48)
(014715,48)
(014716,49)
(014717,47)
(014718,48)
(014719,48)
(014720,48)
(014721,48)
(014722,48)
(014723,48)
(014724,49)
(014725,49)
(014726,48)
(014727,49)
(014728,47)
(014729,48)
(014730,47)
(014731,48)
(014732,48)
(014733,48)
(014734,49)
(014735,46)
(014736,48)
(014737,48)
(014738,48)
(014739,48)
(014740,48)
(014741,49)
(014742,47)
(014743,48)
(014744,48)
(014745,48)
(014746,48)
(014747,48)
(014748,48)
(014749,48)
(014750,48)
(014751,48)
(014752,48)
(014753,48)
(014754,48)
(014755,48)
(014756,48)
(014757,48)
(014758,48)
(014759,48)
(014800,50)
(014801,46)
(014802,49)
(014803,48)
(014804,47)
(014805,48)
(014806,48)
(014807,48)
(014808,48)
(014809,48)
(014810,48)
(014811,48)
(014812,49)
(014813,47)
(014814,48)
(014815,48)
(014816,48)
(014817,48)
(014818,48)
(014819,48)
(014820,48)
(014821,48)
(014822,48)
(014823,48)
(014824,49)
(014825,47)
(014826,48)
(014827,48)
(014828,48)
(014829,50)
(014830,47)
(014831,47)
(014832,48)
(014833,48)
(014834,48)
(014835,48)
(014836,48)
(014837,48)
(014838,48)
(014839,48)
(014840,48)
(014841,48)
(014842,48)
(014843,48)
(014844,48)
(014845,15)
(020821,48)
(020822,50)
(020823,47)
(020824,48)
(020825,48)
(020826,48)
(020827,48)
(020828,48)
(020829,48)
(020830,48)
(020831,48)
(020832,48)
(020833,50)
(020834,48)
(020835,47)
(020836,47)
(020837,48)
(020838,48)
(020839,48)
(020840,48)
(020841,48)
(020842,48)
(020843,48)
(020844,48)
(020845,48)
(020846,48)
(020847,48)
(020848,48)
(020849,48)
(020850,48)
(020851,48)
(020852,48)
(020853,48)
(020854,48)
(020855,48)
(020856,48)
(020857,48)
(020858,52)
(020859,44)
(020900,48)
(020901,48)
(020902,48)
(020903,48)
(020904,48)
(020905,48)
(020906,48)
(020907,48)
(020908,48)
(020909,48)
(020910,48)
(020911,48)
(020912,48)
(020913,53)
(020914,44)
(020915,49)
(020916,46)
(020917,48)
(020918,48)
(020919,48)
(020920,49)
(020921,48)
(020922,47)
(020923,48)
(020924,48)
(020925,48)
(020926,48)
(020927,48)
(020928,48)
(020929,48)
(020930,48)
(020931,48)
(020932,48)
(020933,48)
(020934,48)
(020935,48)
(020936,48)
(020937,48)
(020938,48)
(020939,48)
(020940,48)
(020941,48)
(020942,49)
(020943,47)
(020944,48)
(020945,48)
(020946,48)
(020947,48)
(020948,48)
(020949,48)
(020950,48)
(020951,48)
(020952,49)
(020953,47)
(020954,48)
(020955,48)
(020956,48)
(020957,48)
(020958,49)
(020959,47)
(021000,49)
(021001,48)
(021002,47)
(021003,48)
(021004,48)
(021005,48)
(021006,48)
(021007,48)
(021008,48)
(021009,48)
(021010,48)
(021011,48)
(021012,48)
(021013,49)
(021014,47)
(021015,50)
(021016,50)
(021017,51)
(021018,41)
(021019,48)
(021020,48)
(021021,48)
(021022,48)
(021023,48)
(021024,48)
(021025,48)
(021026,49)
(021027,47)
(021028,48)
(021029,48)
(021030,48)
(021031,48)
(021032,48)
(021033,48)
(021034,48)
(021035,48)
(021036,48)
(021037,48)
(021038,48)
(021039,48)
(021040,48)
(021041,48)
(021042,48)
(021043,50)
(021044,47)
(021045,48)
(021046,47)
(021047,49)
(021048,47)
(021049,48)
(021050,48)
(021051,48)
(021052,48)
(021053,48)
(021054,48)
(021055,48)
(021056,48)
(021057,48)
(021058,48)
(021059,48)
(021100,50)
(021101,49)
(021102,47)
(021103,46)
(021104,50)
(021105,46)
(021106,49)
(021107,47)
(021108,48)
(021109,48)
(021110,48)
(021111,48)
(021112,48)
(021113,52)
(021114,50)
(021115,42)
(021116,48)
(021117,49)
(021118,62)
(021119,48)
(021120,33)
(021121,48)
(021122,48)
(021123,49)
(021124,48)
(021125,49)
(021126,47)
(021127,50)
(021128,49)
(021129,47)
(021130,45)
(021131,48)
(021132,48)
(021133,48)
(021134,48)
(021135,48)
(021136,49)
(021137,48)
(021138,48)
(021139,48)
(021140,52)
(021141,47)
(021142,48)
(021143,48)
(021144,48)
(021145,46)
(021146,47)
(021147,49)
(021148,48)
(021149,48)
(021150,48)
(021151,50)
(021152,48)
(021153,50)
(021154,47)
(021155,48)
(021156,50)
(021157,49)
(021158,48)
(021159,46)
(021200,48)
(021201,48)
(021202,46)
(021203,48)
(021204,47)
(021205,49)
(021206,52)
(021207,47)
(021208,49)
(021209,47)
(021210,48)
(021211,48)
(021212,48)
(021213,48)
(021214,48)
(021215,48)
(021216,48)
(021217,50)
(021218,55)
(021219,44)
(021220,48)
(021221,48)
(021222,48)
(021223,48)
(021224,49)
(021225,48)
(021226,48)
(021227,49)
(021228,55)
(021229,47)
(021230,48)
(021231,43)
(021232,41)
(021233,48)
(021234,48)
(021235,48)
(021236,47)
(021237,49)
(021238,47)
(021239,41)
(021240,48)
(021241,48)
(021242,48)
(021243,48)
(021244,48)
(021245,48)
(021246,48)
(021247,49)
(021248,53)
(021249,48)
(021250,48)
(021251,48)
(021252,48)
(021253,47)
(021254,48)
(021255,48)
(021256,51)
(021257,43)
(021258,48)
(021259,45)
(021300,48)
(021301,48)
(021302,48)
(021303,48)
(021304,51)
(021305,49)
(021306,44)
(021307,48)
(021308,52)
(021309,48)
(021310,44)
(021311,48)
(021312,49)
(021313,47)
(021314,48)
(021315,48)
(021316,48)
(021317,48)
(021318,49)
(021319,47)
(021320,48)
(021321,48)
(021322,48)
(021323,48)
(021324,48)
(021325,48)
(021326,48)
(021327,48)
(021328,48)
(021329,48)
(021330,48)
(021331,48)
(021332,48)
(021333,49)
(021334,47)
(021335,48)
(021336,48)
(021337,48)
(021338,48)
(021339,48)
(021340,48)
(021341,48)
(021342,48)
(021343,48)
(021344,48)
(021345,49)
(021346,47)
(021347,48)
(021348,48)
(021349,48)
(021350,48)
(021351,48)
(021352,48)
(021353,48)
(021354,48)
(021355,48)
(021356,48)
(021357,48)
(021358,48)
(021359,49)
(021400,47)
(021401,48)
(021402,49)
(021403,47)
(021404,50)
(021405,46)
(021406,48)
(021407,48)
(021408,48)
(021409,48)
(021410,48)
(021411,48)
(021412,48)
(021413,48)
(021414,48)
(021415,48)
(021416,48)
(021417,48)
(021418,48)
(021419,48)
(021420,48)
(021421,48)
(021422,48)
(021423,48)
(021424,48)
(021425,48)
(021426,48)
(021427,48)
(021428,49)
(021429,47)
(021430,48)
(021431,48)
(021432,48)
(021433,50)
(021434,46)
(021435,48)
(021436,48)
(021437,48)
(021438,48)
(021439,48)
(021440,48)
(021441,48)
(021442,48)
(021443,48)
(021444,48)
(021445,48)
(021446,48)
(021447,48)
(021448,48)
(021449,48)
(021450,48)
(021451,48)
(021452,48)
(021453,48)
(021454,48)
(021455,48)
(021456,48)
(021457,48)
(021458,48)
(021459,48)
(021500,48)
(021501,48)
(021502,48)
(021503,48)
(021504,48)
(021505,48)
(021506,48)
(021507,48)
(021508,48)
(021509,48)
(021510,48)
(021511,48)
(021512,48)
(021513,48)
(021514,48)
(021515,48)
(021516,48)
(021517,48)
(021518,51)
(021519,46)
(021520,47)
(021521,48)
(021522,48)
(021523,49)
(021524,47)
(021525,48)
(021526,48)
(021527,48)
(021528,48)
(021529,48)
(021530,48)
(021531,48)
(021532,48)
(021533,48)
(021534,48)
(021535,48)
(021536,48)
(021537,49)
(021538,48)
(021539,47)
(021540,48)
(021541,48)
(021542,48)
(021543,49)
(021544,47)
(021545,48)
(021546,48)
(021547,48)
(021548,48)
(021549,48)
(021550,48)
(021551,48)
(021552,48)
(021553,48)
(021554,48)
(021555,48)
(021556,51)
(021557,45)
(021558,48)
(021559,48)
(021600,48)
(021601,48)
(021602,48)
(021603,49)
(021604,47)
(021605,48)
(021606,48)
(021607,48)
(021608,49)
(021609,48)
(021610,48)
(021611,47)
(021612,48)
(021613,54)
(021614,50)
(021615,49)
(021616,47)
(021617,41)
(021618,47)
(021619,48)
(021620,48)
(021621,48)
(021622,48)
(021623,49)
(021624,50)
(021625,48)
(021626,53)
(021627,46)
(021628,45)
(021629,47)
(021630,46)
(021631,48)
(021632,48)
(021633,48)
(021634,48)
(021635,48)
(021636,48)
(021637,48)
(021638,48)
(021639,48)
(021640,48)
(021641,49)
(021642,47)
(021643,48)
(021644,48)
(021645,48)
(021646,48)
(021647,49)
(021648,47)
(021649,48)
(021650,49)
(021651,47)
(021652,48)
(021653,48)
(021654,48)
(021655,48)
(021656,48)
(021657,49)
(021658,47)
(021659,48)
(021700,49)
(021701,47)
(021702,48)
(021703,49)
(021704,47)
(021705,48)
(021706,48)
(021707,48)
(021708,48)
(021709,48)
(021710,48)
(021711,48)
(021712,48)
(021713,48)
(021714,57)
(021715,43)
(021716,48)
(021717,50)
(021718,47)
(021719,52)
(021720,63)
(021721,33)
(021722,39)
(021723,48)
(021724,48)
(021725,48)
(021726,48)
(021727,48)
(021728,49)
(021729,47)
(021730,50)
(021731,46)
(021732,48)
(021733,48)
(021734,48)
(021735,54)
(021736,42)
(021737,48)
(021738,48)
(021739,48)
(021740,48)
(021741,48)
(021742,48)
(021743,48)
(021744,48)
(021745,48)
(021746,48)
(021747,48)
(021748,48)
(021749,49)
(021750,50)
(021751,50)
(021752,48)
(021753,49)
(021754,54)
(021755,48)
(021756,49)
(021757,53)
(021758,48)
(021759,49)
(021800,44)
(021801,40)
(021802,48)
(021803,43)
(021804,46)
(021805,48)
(021806,48)
(021807,48)
(021808,48)
(021809,49)
(021810,47)
(021811,48)
(021812,49)
(021813,51)
(021814,48)
(021815,44)
(021816,48)
(021817,48)
(021818,48)
(021819,48)
(021820,48)
(021821,48)
(021822,48)
(021823,48)
(021824,48)
(021825,48)
(021826,48)
(021827,48)
(021828,48)
(021829,49)
(021830,48)
(021831,47)
(021832,51)
(021833,46)
(021834,47)
(021835,49)
(021836,47)
(021837,48)
(021838,48)
(021839,48)
(021840,48)
(021841,48)
(021842,48)
(021843,48)
(021844,48)
(021845,48)
(021846,48)
(021847,48)
(021848,48)
(021849,48)
(021850,48)
(021851,48)
(021852,48)
(021853,48)
(021854,48)
(021855,48)
(021856,48)
(021857,48)
(021858,48)
(021859,48)
(021900,48)
(021901,49)
(021902,47)
(021903,48)
(021904,48)
(021905,48)
(021906,48)
(021907,48)
(021908,48)
(021909,48)
(021910,49)
(021911,52)
(021912,48)
(021913,48)
(021914,43)
(021915,48)
(021916,48)
(021917,48)
(021918,49)
(021919,47)
(021920,48)
(021921,48)
(021922,48)
(021923,49)
(021924,48)
(021925,47)
(021926,48)
(021927,48)
(021928,48)
(021929,48)
(021930,48)
(021931,48)
(021932,48)
(021933,48)
(021934,48)
(021935,48)
(021936,48)
(021937,49)
(021938,47)
(021939,48)
(021940,48)
(021941,48)
(021942,50)
(021943,46)
(021944,48)
(021945,48)
(021946,49)
(021947,48)
(021948,49)
(021949,48)
(021950,50)
(021951,50)
(021952,42)
(021953,48)
(021954,48)
(021955,48)
(021956,48)
(021957,48)
(021958,48)
(021959,48)
(022000,49)
(022001,47)
(022002,48)
(022003,48)
(022004,48)
(022005,48)
(022006,49)
(022007,48)
(022008,49)
(022009,49)
(022010,48)
(022011,48)
(022012,51)
(022013,51)
(022014,47)
(022015,48)
(022016,50)
(022017,49)
(022018,47)
(022019,49)
(022020,67)
(022021,38)
(022022,42)
(022023,41)
(022024,42)
(022025,47)
(022026,48)
(022027,49)
(022028,48)
(022029,47)
(022030,48)
(022031,48)
(022032,48)
(022033,48)
(022034,48)
(022035,48)
(022036,48)
(022037,48)
(022038,48)
(022039,48)
(022040,48)
(022041,48)
(022042,48)
(022043,48)
(022044,48)
(022045,49)
(022046,47)
(022047,48)
(022048,53)
(022049,54)
(022050,40)
(022051,53)
(022052,48)
(022053,45)
(022054,48)
(022055,52)
(022056,48)
(022057,48)
(022058,44)
(022059,48)
(022100,46)
(022101,45)
(022102,48)
(022103,48)
(022104,48)
(022105,48)
(022106,48)
(022107,48)
(022108,50)
(022109,46)
(022110,48)
(022111,49)
(022112,48)
(022113,54)
(022114,49)
(022115,53)
(022116,48)
(022117,41)
(022118,48)
(022119,48)
(022120,47)
(022121,48)
(022122,48)
(022123,48)
(022124,48)
(022125,48)
(022126,48)
(022127,43)
(022128,48)
(022129,49)
(022130,47)
(022131,48)
(022132,48)
(022133,48)
(022134,51)
(022135,48)
(022136,45)
(022137,48)
(022138,58)
(022139,39)
(022140,47)
(022141,48)
(022142,48)
(022143,48)
(022144,49)
(022145,47)
(022146,48)
(022147,55)
(022148,47)
(022149,48)
(022150,48)
(022151,42)
(022152,49)
(022153,47)
(022154,48)
(022155,48)
(022156,51)
(022157,48)
(022158,48)
(022159,48)
(022200,52)
(022201,45)
(022202,48)
(022203,49)
(022204,54)
(022205,48)
(022206,44)
(022207,48)
(022208,48)
(022209,53)
(022210,40)
(022211,52)
(022212,44)
(022213,48)
(022214,52)
(022215,48)
(022216,49)
(022217,45)
(022218,48)
(022219,48)
(022220,48)
(022221,44)
(022222,48)
(022223,46)
(022224,50)
(022225,51)
(022226,47)
(022227,48)
(022228,45)
(022229,47)
(022230,48)
(022231,48)
(022232,58)
(022233,38)
(022234,48)
(022235,48)
(022236,48)
(022237,48)
(022238,48)
(022239,48)
(022240,48)
(022241,48)
(022242,48)
(022243,48)
(022244,48)
(022245,48)
(022246,48)
(022247,48)
(022248,48)
(022249,48)
(022250,48)
(022251,49)
(022252,47)
(022253,48)
(022254,48)
(022255,48)
(022256,48)
(022257,48)
(022258,48)
(022259,48)
(022300,51)
(022301,55)
(022302,43)
(022303,43)
(022304,50)
(022305,46)
(022306,48)
(022307,48)
(022308,48)
(022309,48)
(022310,48)
(022311,48)
(022312,48)
(022313,48)
(022314,48)
(022315,48)
(022316,48)
(022317,48)
(022318,48)
(022319,48)
(022320,48)
(022321,48)
(022322,48)
(022323,49)
(022324,47)
(022325,48)
(022326,48)
(022327,48)
(022328,48)
(022329,48)
(022330,48)
(022331,48)
(022332,48)
(022333,48)
(022334,48)
(022335,48)
(022336,48)
(022337,48)
(022338,48)
(022339,48)
(022340,49)
(022341,47)
(022342,49)
(022343,51)
(022344,44)
(022345,48)
(022346,48)
(022347,48)
(022348,48)
(022349,48)
(022350,48)
(022351,48)
(022352,48)
(022353,48)
(022354,49)
(022355,47)
(022356,48)
(022357,48)
(022358,48)
(022359,50)
(022400,50)
(022401,48)
(022402,44)
(022403,48)
(022404,48)
(022405,48)
(022406,48)
(022407,48)
(022408,48)
(022409,48)
(022410,48)
(022411,48)
(022412,48)
(022413,48)
(022414,48)
(022415,48)
(022416,48)
(022417,48)
(022418,48)
(022419,49)
(022420,48)
(022421,47)
(022422,51)
(022423,45)
(022424,48)
(022425,48)
(022426,48)
(022427,48)
(022428,48)
(022429,48)
(022430,48)
(022431,48)
(022432,49)
(022433,47)
(022434,48)
(022435,48)
(022436,48)
(022437,48)
(022438,53)
(022439,46)
(022440,46)
(022441,47)
(022442,48)
(022443,49)
(022444,47)
(022445,48)
(022446,48)
(022447,48)
(022448,48)
(022449,48)
(022450,48)
(022451,48)
(022452,48)
(022453,48)
(022454,48)
(022455,48)
(022456,48)
(022457,48)
(022458,48)
(022459,52)
(022500,49)
(022501,46)
(022502,45)
(022503,48)
(022504,48)
(022505,48)
(022506,48)
(022507,48)
(022508,48)
(022509,48)
(022510,49)
(022511,47)
(022512,48)
(022513,48)
(022514,48)
(022515,48)
(022516,48)
(022517,49)
(022518,47)
(022519,48)
(022520,48)
(022521,48)
(022522,48)
(022523,48)
(022524,48)
(022525,48)
(022526,48)
(022527,48)
(022528,48)
(022529,48)
(022530,48)
(022531,48)
(022532,48)
(022533,48)
(022534,49)
(022535,47)
(022536,48)
(022537,51)
(022538,45)
(022539,48)
(022540,48)
(022541,49)
(022542,47)
(022543,48)
(022544,48)
(022545,48)
(022546,48)
(022547,48)
(022548,48)
(022549,48)
(022550,48)
(022551,49)
(022552,47)
(022553,48)
(022554,48)
(022555,48)
(022556,48)
(022557,48)
(022558,48)
(022559,48)
(022600,48)
(022601,49)
(022602,47)
(022603,48)
(022604,48)
(022605,48)
(022606,48)
(022607,48)
(022608,48)
(022609,48)
(022610,48)
(022611,48)
(022612,49)
(022613,52)
(022614,51)
(022615,43)
(022616,48)
(022617,45)
(022618,48)
(022619,48)
(022620,51)
(022621,48)
(022622,48)
(022623,47)
(022624,54)
(022625,48)
(022626,40)
(022627,48)
(022628,48)
(022629,48)
(022630,48)
(022631,48)
(022632,48)
(022633,48)
(022634,48)
(022635,48)
(022636,51)
(022637,47)
(022638,48)
(022639,48)
(022640,48)
(022641,48)
(022642,48)
(022643,46)
(022644,48)
(022645,48)
(022646,53)
(022647,48)
(022648,43)
(022649,48)
(022650,52)
(022651,44)
(022652,48)
(022653,50)
(022654,46)
(022655,48)
(022656,49)
(022657,48)
(022658,47)
(022659,48)
(022700,48)
(022701,48)
(022702,49)
(022703,47)
(022704,48)
(022705,48)
(022706,48)
(022707,51)
(022708,45)
(022709,48)
(022710,48)
(022711,48)
(022712,48)
(022713,52)
(022714,44)
(022715,48)
(022716,48)
(022717,48)
(022718,48)
(022719,48)
(022720,49)
(022721,59)
(022722,48)
(022723,37)
(022724,47)
(022725,48)
(022726,48)
(022727,49)
(022728,50)
(022729,49)
(022730,47)
(022731,45)
(022732,48)
(022733,51)
(022734,45)
(022735,48)
(022736,50)
(022737,46)
(022738,48)
(022739,48)
(022740,48)
(022741,48)
(022742,48)
(022743,49)
(022744,47)
(022745,48)
(022746,48)
(022747,48)
(022748,48)
(022749,48)
(022750,48)
(022751,48)
(022752,48)
(022753,51)
(022754,45)
(022755,48)
(022756,48)
(022757,48)
(022758,48)
(022759,48)
(022800,49)
(022801,47)
(022802,48)
(022803,48)
(022804,48)
(022805,48)
(022806,48)
(022807,49)
(022808,47)
(022809,48)
(022810,48)
(022811,50)
(022812,46)
(022813,48)
(022814,48)
(022815,48)
(022816,51)
(022817,45)
(022818,48)
(022819,49)
(022820,47)
(022821,48)
(022822,48)
(022823,48)
(022824,48)
(022825,48)
(022826,48)
(022827,48)
(022828,48)
(022829,48)
(022830,48)
(022831,49)
(022832,48)
(022833,49)
(022834,51)
(022835,47)
(022836,49)
(022837,48)
(022838,44)
(022839,49)
(022840,46)
(022841,48)
(022842,49)
(022843,50)
(022844,45)
(022845,48)
(022846,48)
(022847,48)
(022848,48)
(022849,49)
(022850,47)
(022851,48)
(022852,48)
(022853,49)
(022854,50)
(022855,46)
(022856,47)
(022857,48)
(022858,48)
(022859,48)
(022900,49)
(022901,47)
(022902,48)
(022903,48)
(022904,48)
(022905,48)
(022906,48)
(022907,49)
(022908,50)
(022909,45)
(022910,48)
(022911,48)
(022912,48)
(022913,48)
(022914,48)
(022915,48)
(022916,48)
(022917,48)
(022918,48)
(022919,48)
(022920,48)
(022921,48)
(022922,48)
(022923,48)
(022924,48)
(022925,48)
(022926,48)
(022927,50)
(022928,46)
(022929,48)
(022930,48)
(022931,48)
(022932,48)
(022933,48)
(022934,48)
(022935,48)
(022936,48)
(022937,48)
(022938,48)
(022939,48)
(022940,48)
(022941,48)
(022942,48)
(022943,48)
(022944,48)
(022945,48)
(022946,48)
(022947,48)
(022948,49)
(022949,47)
(022950,49)
(022951,48)
(022952,47)
(022953,48)
(022954,49)
(022955,47)
(022956,48)
(022957,48)
(022958,49)
(022959,47)
(023000,49)
(023001,48)
(023002,47)
(023003,48)
(023004,48)
(023005,48)
(023006,48)
(023007,48)
(023008,48)
(023009,48)
(023010,48)
(023011,48)
(023012,48)
(023013,48)
(023014,48)
(023015,48)
(023016,48)
(023017,48)
(023018,48)
(023019,48)
(023020,50)
(023021,47)
(023022,48)
(023023,47)
(023024,48)
(023025,48)
(023026,48)
(023027,48)
(023028,49)
(023029,48)
(023030,47)
(023031,48)
(023032,48)
(023033,48)
(023034,48)
(023035,48)
(023036,50)
(023037,46)
(023038,48)
(023039,48)
(023040,48)
(023041,48)
(023042,48)
(023043,48)
(023044,48)
(023045,48)
(023046,48)
(023047,49)
(023048,48)
(023049,49)
(023050,48)
(023051,46)
(023052,48)
(023053,48)
(023054,48)
(023055,48)
(023056,48)
(023057,51)
(023058,48)
(023059,48)
(023100,48)
(023101,45)
(023102,48)
(023103,48)
(023104,48)
(023105,48)
(023106,49)
(023107,47)
(023108,51)
(023109,46)
(023110,47)
(023111,48)
(023112,49)
(023113,48)
(023114,48)
(023115,48)
(023116,48)
(023117,48)
(023118,48)
(023119,48)
(023120,48)
(023121,48)
(023122,47)
(023123,51)
(023124,48)
(023125,49)
(023126,48)
(023127,49)
(023128,51)
(023129,48)
(023130,48)
(023131,48)
(023132,48)
(023133,48)
(023134,48)
(023135,45)
(023136,48)
(023137,49)
(023138,49)
(023139,52)
(023140,44)
(023141,48)
(023142,48)
(023143,48)
(023144,49)
(023145,48)
(023146,48)
(023147,46)
(023148,43)
(023149,48)
(023150,48)
(023151,48)
(023152,48)
(023153,52)
(023154,48)
(023155,48)
(023156,48)
(023157,49)
(023158,48)
(023159,48)
(023200,52)
(023201,42)
(023202,48)
(023203,49)
(023204,47)
(023205,48)
(023206,48)
(023207,48)
(023208,48)
(023209,48)
(023210,46)
(023211,49)
(023212,47)
(023213,48)
(023214,46)
(023215,48)
(023216,51)
(023217,47)
(023218,48)
(023219,48)
(023220,48)
(023221,46)
(023222,48)
(023223,48)
(023224,48)
(023225,48)
(023226,48)
(023227,48)
(023228,48)
(023229,55)
(023230,43)
(023231,46)
(023232,48)
(023233,48)
(023234,48)
(023235,48)
(023236,48)
(023237,48)
(023238,48)
(023239,48)
(023240,49)
(023241,47)
(023242,48)
(023243,48)
(023244,48)
(023245,48)
(023246,48)
(023247,48)
(023248,48)
(023249,48)
(023250,48)
(023251,49)
(023252,47)
(023253,48)
(023254,48)
(023255,48)
(023256,48)
(023257,48)
(023258,48)
(023259,49)
(023300,47)
(023301,48)
(023302,48)
(023303,49)
(023304,47)
(023305,48)
(023306,48)
(023307,49)
(023308,47)
(023309,49)
(023310,47)
(023311,48)
(023312,48)
(023313,48)
(023314,48)
(023315,49)
(023316,47)
(023317,48)
(023318,48)
(023319,48)
(023320,48)
(023321,48)
(023322,48)
(023323,48)
(023324,48)
(023325,48)
(023326,49)
(023327,47)
(023328,48)
(023329,49)
(023330,47)
(023331,48)
(023332,48)
(023333,48)
(023334,48)
(023335,48)
(023336,48)
(023337,48)
(023338,48)
(023339,48)
(023340,48)
(023341,48)
(023342,48)
(023343,48)
(023344,48)
(023345,48)
(023346,49)
(023347,47)
(023348,49)
(023349,48)
(023350,47)
(023351,48)
(023352,48)
(023353,48)
(023354,48)
(023355,48)
(023356,48)
(023357,48)
(023358,48)
(023359,48)
(023400,48)
(023401,48)
(023402,48)
(023403,51)
(023404,45)
(023405,48)
(023406,48)
(023407,48)
(023408,48)
(023409,48)
(023410,48)
(023411,50)
(023412,46)
(023413,48)
(023414,48)
(023415,48)
(023416,49)
(023417,47)
(023418,48)
(023419,48)
(023420,48)
(023421,48)
(023422,48)
(023423,48)
(023424,48)
(023425,48)
(023426,49)
(023427,47)
(023428,48)
(023429,48)
(023430,49)
(023431,47)
(023432,48)
(023433,48)
(023434,48)
(023435,48)
(023436,48)
(023437,48)
(023438,48)
(023439,48)
(023440,48)
(023441,48)
(023442,49)
(023443,47)
(023444,48)
(023445,48)
(023446,48)
(023447,48)
(023448,48)
(023449,48)
(023450,48)
(023451,48)
(023452,48)
(023453,48)
(023454,48)
(023455,48)
(023456,48)
(023457,48)
(023458,49)
(023459,47)
(023500,49)
(023501,48)
(023502,48)
(023503,47)
(023504,48)
(023505,51)
(023506,45)
(023507,48)
(023508,48)
(023509,48)
(023510,48)
(023511,48)
(023512,48)
(023513,48)
(023514,49)
(023515,47)
(023516,48)
(023517,48)
(023518,48)
(023519,48)
(023520,48)
(023521,49)
(023522,47)
(023523,49)
(023524,47)
(023525,48)
(023526,48)
(023527,48)
(023528,48)
(023529,48)
(023530,48)
(023531,48)
(023532,48)
(023533,48)
(023534,48)
(023535,48)
(023536,48)
(023537,48)
(023538,48)
(023539,48)
(023540,48)
(023541,48)
(023542,48)
(023543,48)
(023544,49)
(023545,47)
(023546,48)
(023547,48)
(023548,48)
(023549,48)
(023550,48)
(023551,50)
(023552,49)
(023553,45)
(023554,48)
(023555,48)
(023556,48)
(023557,48)
(023558,48)
(023559,48)
(023600,48)
(023601,48)
(023602,49)
(023603,49)
(023604,46)
(023605,48)
(023606,49)
(023607,47)
(023608,48)
(023609,48)
(023610,48)
(023611,48)
(023612,48)
(023613,48)
(023614,48)
(023615,49)
(023616,47)
(023617,48)
(023618,48)
(023619,48)
(023620,48)
(023621,49)
(023622,47)
(023623,48)
(023624,49)
(023625,47)
(023626,48)
(023627,48)
(023628,48)
(023629,48)
(023630,48)
(023631,48)
(023632,48)
(023633,48)
(023634,52)
(023635,48)
(023636,45)
(023637,49)
(023638,46)
(023639,48)
(023640,48)
(023641,48)
(023642,48)
(023643,48)
(023644,49)
(023645,47)
(023646,48)
(023647,48)
(023648,48)
(023649,49)
(023650,47)
(023651,48)
(023652,56)
(023653,48)
(023654,48)
(023655,48)
(023656,48)
(023657,40)
(023658,49)
(023659,47)
(023700,49)
(023701,47)
(023702,48)
(023703,51)
(023704,51)
(023705,48)
(023706,48)
(023707,48)
(023708,46)
(023709,45)
(023710,61)
(023711,48)
(023712,48)
(023713,48)
(023714,48)
(023715,34)
(023716,48)
(023717,48)
(023718,48)
(023719,48)
(023720,48)
(023721,50)
(023722,54)
(023723,47)
(023724,48)
(023725,48)
(023726,48)
(023727,41)
(023728,48)
(023729,48)
(023730,48)
(023731,48)
(023732,48)
(023733,48)
(023734,49)
(023735,47)
(023736,51)
(023737,49)
(023738,44)
(023739,48)
(023740,48)
(023741,48)
(023742,48)
(023743,48)
(023744,48)
(023745,48)
(023746,48)
(023747,50)
(023748,47)
(023749,48)
(023750,47)
(023751,48)
(023752,48)
(023753,48)
(023754,48)
(023755,48)
(023756,48)
(023757,48)
(023758,48)
(023759,49)
(023800,48)
(023801,47)
(023802,48)
(023803,48)
(023804,48)
(023805,48)
(023806,48)
(023807,49)
(023808,47)
(023809,48)
(023810,49)
(023811,47)
(023812,48)
(023813,48)
(023814,48)
(023815,49)
(023816,48)
(023817,50)
(023818,45)
(023819,48)
(023820,48)
(023821,48)
(023822,48)
(023823,48)
(023824,48)
(023825,48)
(023826,48)
(023827,48)
(023828,48)
(023829,48)
(023830,48)
(023831,49)
(023832,47)
(023833,48)
(023834,48)
(023835,48)
(023836,48)
(023837,48)
(023838,49)
(023839,47)
(023840,49)
(023841,47)
(023842,49)
(023843,47)
(023844,49)
(023845,47)
(023846,48)
(023847,48)
(023848,48)
(023849,48)
(023850,48)
(023851,48)
(023852,48)
(023853,50)
(023854,46)
(023855,48)
(023856,48)
(023857,48)
(023858,48)
(023859,48)
(023900,49)
(023901,48)
(023902,47)
(023903,48)
(023904,48)
(023905,49)
(023906,47)
(023907,48)
(023908,48)
(023909,48)
(023910,48)
(023911,49)
(023912,47)
(023913,48)
(023914,48)
(023915,48)
(023916,48)
(023917,48)
(023918,48)
(023919,48)
(023920,48)
(023921,48)
(023922,48)
(023923,48)
(023924,48)
(023925,48)
(023926,48)
(023927,48)
(023928,48)
(023929,48)
(023930,49)
(023931,47)
(023932,49)
(023933,47)
(023934,48)
(023935,48)
(023936,48)
(023937,49)
(023938,48)
(023939,48)
(023940,47)
(023941,48)
(023942,48)
(023943,49)
(023944,47)
(023945,48)
(023946,48)
(023947,48)
(023948,48)
(023949,48)
(023950,48)
(023951,48)
(023952,49)
(023953,47)
(023954,49)
(023955,47)
(023956,48)
(023957,49)
(023958,47)
(023959,48)
(024000,49)
(024001,48)
(024002,47)
(024003,48)
(024004,48)
(024005,48)
(024006,48)
(024007,48)
(024008,48)
(024009,48)
(024010,48)
(024011,48)
(024012,49)
(024013,47)
(024014,48)
(024015,49)
(024016,47)
(024017,48)
(024018,49)
(024019,48)
(024020,47)
(024021,48)
(024022,48)
(024023,48)
(024024,48)
(024025,48)
(024026,48)
(024027,48)
(024028,48)
(024029,48)
(024030,49)
(024031,48)
(024032,47)
(024033,48)
(024034,49)
(024035,47)
(024036,48)
(024037,48)
(024038,48)
(024039,49)
(024040,47)
(024041,48)
(024042,48)
(024043,48)
(024044,48)
(024045,48)
(024046,48)
(024047,48)
(024048,49)
(024049,47)
(024050,48)
(024051,48)
(024052,48)
(024053,48)
(024054,49)
(024055,47)
(024056,48)
(024057,48)
(024058,48)
(024059,48)
(024100,49)
(024101,47)
(024102,48)
(024103,48)
(024104,49)
(024105,48)
(024106,50)
(024107,45)
(024108,48)
(024109,48)
(024110,48)
(024111,48)
(024112,48)
(024113,48)
(024114,48)
(024115,48)
(024116,48)
(024117,48)
(024118,48)
(024119,48)
(024120,48)
(024121,48)
(024122,48)
(024123,48)
(024124,51)
(024125,49)
(024126,48)
(024127,45)
(024128,47)
(024129,48)
(024130,48)
(024131,48)
(024132,48)
(024133,51)
(024134,45)
(024135,48)
(024136,48)
(024137,48)
(024138,48)
(024139,48)
(024140,48)
(024141,48)
(024142,50)
(024143,46)
(024144,48)
(024145,48)
(024146,48)
(024147,48)
(024148,48)
(024149,48)
(024150,48)
(024151,48)
(024152,48)
(024153,48)
(024154,48)
(024155,48)
(024156,48)
(024157,48)
(024158,48)
(024159,48)
(024200,53)
(024201,46)
(024202,45)
(024203,49)
(024204,53)
(024205,44)
(024206,46)
(024207,48)
(024208,51)
(024209,45)
(024210,48)
(024211,48)
(024212,48)
(024213,48)
(024214,48)
(024215,48)
(024216,48)
(024217,48)
(024218,48)
(024219,48)
(024220,48)
(024221,49)
(024222,47)
(024223,48)
(024224,48)
(024225,48)
(024226,48)
(024227,48)
(024228,48)
(024229,48)
(024230,48)
(024231,48)
(024232,48)
(024233,48)
(024234,48)
(024235,48)
(024236,48)
(024237,49)
(024238,48)
(024239,47)
(024240,48)
(024241,48)
(024242,49)
(024243,47)
(024244,48)
(024245,48)
(024246,48)
(024247,48)
(024248,48)
(024249,48)
(024250,48)
(024251,48)
(024252,48)
(024253,48)
(024254,48)
(024255,48)
(024256,48)
(024257,48)
(024258,48)
(024259,48)
(024300,49)
(024301,47)
(024302,49)
(024303,47)
(024304,15)
